1,0.20946,0.058182,0.2151,0.12299,0.050272,-0.12884,0.20725,-0.02096
0.20946,1,0.26537,0.1429,0.16197,0.21064,0.032135,-0.02529,0.013902
0.058182,0.26537,1,0.37121,0.035661,0.087423,0.25679,0.11536,0.071711
0.2151,0.1429,0.37121,1,0.48978,0.14149,0.20742,0.24459,0.23994
0.12299,0.16197,0.035661,0.48978,1,0.44567,0.14824,0.20021,0.142
0.050272,0.21064,0.087423,0.14149,0.44567,1,0.35935,-0.02174,0.099932
-0.12884,0.032135,0.25679,0.20742,0.14824,0.35935,1,0.34238,0.016315
0.20725,-0.02529,0.11536,0.24459,0.20021,-0.02174,0.34238,1,0.17699
-0.02096,0.013902,0.071711,0.23994,0.142,0.099932,0.016315,0.17699,1
